ID,BlendProperty1,BlendProperty2,BlendProperty3,BlendProperty4,BlendProperty5,BlendProperty6,BlendProperty7,BlendProperty8,BlendProperty9,BlendProperty10
0,0.23671511,0.19318537,0.57577395,0.46317348,1.2815268,0.7011543,0.6616818,0.33948335,-0.19880447,0.3323543
1,-0.77264494,-0.60753053,-1.171835,-0.026617173,-0.7333027,-0.0625068,-1.1614609,-1.0123456,-0.9101566,-0.014449579
2,1.812014,1.1299572,1.1531427,1.0368673,2.1236606,1.8405143,1.0022441,2.0020974,0.5747266,2.1366003
3,-0.4321165,0.28502002,0.78454417,-0.70548147,1.6753634,-0.5234475,0.8252114,1.2212558,0.80309045,-1.0040632
4,0.22078277,-0.994598,1.179911,0.38847283,1.8033398,0.0034784018,1.1411448,0.048784625,-0.4136017,1.0160345
5,-1.5576547,-1.7139513,0.4859799,-1.4678545,-0.0007177115,-1.5859836,0.44721818,-0.051832415,-0.73660153,0.107936226
6,1.1898637,0.53663945,-0.10587136,-0.02781288,-0.10731314,0.6331428,-0.02553002,0.1792007,1.2564964,0.22471805
7,2.1986403,1.1934099,0.8958292,1.2572236,-1.5381331,1.4360471,0.7547985,0.9810568,1.6577277,0.5055275
8,1.5108703,1.1774434,1.0697722,1.6514654,-0.5532501,0.9521019,1.1765234,0.43024606,0.9744215,1.009891
9,-0.9634707,-0.8242526,-2.3571758,-0.6646491,-1.2088397,-0.660102,-2.3060544,0.19136769,-0.8996598,-1.267677
10,0.097914465,0.54222906,0.8309283,0.43360355,1.7195588,-0.29714984,0.79739386,-0.05122623,-0.7554485,1.0148757
11,1.6999954,0.8937062,0.8465434,-0.37583837,0.9313617,0.53262705,0.8607072,1.0004396,-0.098531805,1.045298
12,0.43680403,-0.42180714,0.91428643,-0.048483543,-1.3908318,2.364225,0.786561,0.68574274,1.363057,1.7411169
13,-0.28995594,0.89577067,0.69642496,-0.85495305,2.200289,-0.42212704,0.6222663,0.03203509,-1.1614454,-0.32654035
14,0.47107464,2.0587707,0.59679043,1.5178305,-0.20272514,0.16429664,0.5844905,0.98933655,0.3787947,-0.37532637
15,-0.09993145,-0.7362083,1.199821,-0.77745664,0.50464237,-1.1801392,1.180075,-0.07962668,-1.2510624,-0.05492782
16,-1.4724929,-1.4660962,-0.13906704,-1.5277525,-0.80487156,-0.103688225,-0.23859885,-1.0609792,-0.5514469,-1.4036888
17,-0.26113498,-0.5263037,0.41587716,-0.6706953,0.47167805,-0.1908255,0.28544188,0.7714802,-0.17552611,-1.0390437
18,0.18219884,-0.35576507,0.9101122,-0.78150505,1.7753049,-1.0114644,0.85223705,1.6423712,-1.1085814,1.5237546
19,-0.7712118,-1.7379711,0.4605121,-1.3153749,-0.7796347,-0.8161542,0.40967295,0.0032087602,-1.059295,-1.7338021
20,0.028535074,-2.12389,0.32890424,-0.93271893,1.6225344,-1.6807636,0.22034276,0.75036526,-0.7975597,0.5799369
21,0.35182613,0.9437726,0.029844789,1.7804666,1.2986811,1.8400353,0.0040128804,0.8023493,0.4318488,1.5882777
22,0.97425455,1.488565,1.1778551,0.8209451,1.4915873,0.25993922,1.1585408,1.0009967,0.22787136,1.3425602
23,0.11003513,0.6906518,0.50857645,0.54974884,-1.0059115,0.20786482,0.521007,-0.66728294,-0.0042551924,-0.03517444
24,-1.4717698,-0.961621,-0.16474153,-0.73218375,-0.5698107,-0.36833325,-0.080033444,-1.0714705,-0.30693287,0.034923952
25,-0.43220094,-0.40532306,0.34874412,-1.0449046,-0.31218183,0.2223221,0.14958386,-1.319051,0.13045606,-1.7174675
26,0.75634617,0.27982113,-0.6656379,1.5138439,-1.3605729,0.40512872,-0.5985181,0.53338087,0.7027346,-1.0657818
27,0.20432556,-0.33191413,-0.4719725,-0.59432584,-1.1585262,-0.32359898,-0.37057182,-1.036652,0.6546457,0.66666573
28,-0.85362047,-1.5254945,-0.41341105,-0.5017542,-0.4266669,-0.80378956,-0.31792247,-1.0229598,-0.4953168,0.1443758
29,-0.1602725,0.1851811,-0.7987889,-0.8048212,-1.6428118,0.13123634,-0.60806984,-0.99875295,-0.13423496,-1.7321115
30,-1.1711107,-0.35662636,0.2047084,-0.5526798,0.04962488,-0.8183095,0.18825187,-0.07436036,-1.5701913,0.26659235
31,-1.3232094,-0.40308666,-0.17612635,-1.1113954,0.41211876,-1.3516448,-0.21488822,-0.19551183,-0.56119233,0.29685614
32,0.59862983,0.584752,-0.3743858,0.5030889,0.14201616,-0.38389125,-0.29582682,0.06307692,0.5415971,-0.17683952
33,0.6116248,1.0098468,0.1502679,0.0893857,-0.21483476,0.0663142,0.08167895,1.2329745,-0.15315068,-0.65460753
34,-0.6860079,-1.3898574,-0.27220064,-0.83723193,0.13889952,-0.42196566,-0.2757726,-1.2293684,-2.2071233,0.20208094
35,1.8032429,0.28064322,0.530575,0.5091263,-0.5363422,0.61154294,0.4874903,1.3214036,-0.23691447,0.4764193
36,-0.00015741054,-0.2906485,-0.5178513,-0.08342252,-1.2803874,0.31610957,-0.47825804,-0.25208932,1.656205,-0.23456877
37,0.24075413,0.83591205,0.49568334,1.3316016,0.3140979,0.7475996,0.58881295,0.04747242,1.1864958,-0.6922781
38,-2.134788,-1.4853342,0.091756634,-1.2877873,0.23328252,-0.23459427,0.12984312,-1.5963215,-0.8988728,0.14065656
39,0.24157122,0.7449889,0.5966895,-1.0200994,-0.2541415,0.22469077,0.45874628,-0.110167705,0.89413923,-0.349219
40,1.9240643,1.2659453,1.4227061,1.3013933,1.9027303,2.1913364,1.4484104,1.1771687,1.0228425,1.8147725
41,2.0706708,0.5858888,1.2974856,0.596115,-1.2109914,0.6486471,1.2474908,0.9029677,1.2433127,2.1938732
42,-1.7556937,-0.462733,-0.76699406,-1.2968153,-0.51893353,-0.41087452,-0.7590058,-2.1762972,-0.7892916,-1.5304502
43,1.1916409,0.45213497,0.21723725,0.64040804,-0.35623664,0.56674093,0.04905994,1.7811776,0.3295169,0.15366405
44,-0.5890721,-0.6712452,-0.059322517,-1.5930878,1.3496028,-1.3236723,-0.056279328,-0.056494173,-1.314999,0.44511276
45,0.6887818,1.0258057,0.7899659,0.43581814,0.7203663,0.79468346,0.6434407,0.3486008,0.79024845,-1.0398302
46,-1.5067285,-1.9320406,-0.63095415,-1.1374621,-0.083141774,-2.1170397,-0.5950401,-1.200786,-2.1840093,-0.40091753
47,-0.16928501,0.28200474,-0.30235025,0.1594181,-0.4511394,-0.6365727,-0.30977836,0.20429024,0.6411536,-0.52914983
48,-0.36364946,-0.96101415,0.4824361,0.0016791517,1.3497124,-0.60636944,0.4600568,-0.29068267,-1.3327883,-0.05516753
49,-1.9203656,-1.4697502,-2.1133897,-0.6108566,-0.57486266,-1.4230157,-2.1980426,-1.9252484,-1.6753303,-1.8217943
50,2.3579125,0.9586346,1.5795766,0.3771921,1.4222852,-0.74031895,1.8724979,-0.46885788,-0.20036052,1.8490695
51,-0.1972295,1.0795635,1.5407444,-0.42506707,1.4540173,1.2392988,1.9224066,0.17468488,0.6864238,-0.7892719
52,-0.053025775,-0.07934829,-0.29179195,-1.0840696,0.027420927,-0.7981664,-0.29213855,0.35732135,0.25862557,0.32409
53,1.6378813,0.5830655,0.25105247,0.43703964,0.7695441,-0.038693637,0.19709529,0.6615906,-0.9048434,2.258526
54,0.8403526,0.55673844,0.781432,0.083441526,-0.102941304,1.2550474,0.74881464,0.060090948,1.0416819,-0.46454415
55,0.60799503,0.05463901,0.57202935,0.042712934,-0.09048955,0.58368516,0.57392687,1.0545307,0.04212917,-1.0417283
56,-0.09025656,0.3352536,0.3599008,0.12002328,-0.22689791,1.1492417,0.30613026,0.37924153,0.47480166,0.69436467
57,-1.6614118,-0.9128209,0.38461787,-0.18451679,0.905589,-0.8879808,0.4206355,-0.4424565,-2.027733,0.11252206
58,-0.5346282,0.29835418,0.26388955,0.69949436,-1.4028237,-0.581386,0.1486174,-0.3416682,0.405422,-1.9948639
59,-0.93018615,-1.6808834,0.36234203,-1.4919957,1.5740194,-1.0049013,0.2918712,-0.8725517,-1.0652335,0.6200445
60,-0.46002042,-0.09730504,-2.0428858,-1.0502037,0.04043411,-0.90255094,-1.8610353,-0.5078593,-0.29219043,-1.1629262
61,-0.14949684,-1.3064916,0.066836976,-0.6629649,-0.95477813,0.9623176,0.1832551,-1.0292783,1.0343581,-0.6962609
62,1.5995266,0.34115553,0.5542542,1.8000857,-0.2108018,1.2532384,0.5157511,0.77255,1.1318026,1.1337414
63,-0.33147427,-0.49486548,0.81660736,-0.62104774,1.0881608,-1.3212122,0.8056013,-0.31651688,-1.225938,-0.20496309
64,-0.45737657,-0.93434954,1.003082,-1.7333672,0.22947879,1.3190733,0.97683597,0.53685623,0.5802696,-1.1395674
65,0.66534793,-0.47002444,-0.24867783,-0.9714408,0.73342276,0.046880122,-0.27054328,-0.88072526,0.6171467,-0.20557716
66,1.0807819,1.676848,1.225575,0.3250883,-0.16773498,1.4556742,1.0630193,1.7831577,0.9530614,0.65191793
67,-1.0029339,-0.96737665,-0.9241697,0.6719942,-1.0505054,-0.95027876,-0.91237074,0.12553155,-0.7842694,-0.4266727
68,1.7035924,1.7078078,0.8851999,1.0432863,-0.47444493,-0.07414493,0.9997459,1.1993036,0.06418903,1.6037216
69,0.018900959,-0.2009929,0.38552117,-0.15053321,-0.304334,-0.87096196,0.44993573,-0.40628934,0.24559443,0.6086123
70,-0.26288372,-0.025845898,-0.007665465,-0.52210444,-0.8294311,-0.5519087,-0.05924074,-0.014897624,-0.48039797,0.697851
71,0.63103294,-0.4886423,0.064158976,0.5165838,0.28392878,1.1990341,0.23953775,0.17687865,0.4100486,-0.9067253
72,0.3952314,0.8075528,1.5609462,-0.5676588,1.9424423,1.6543473,1.938019,0.3736717,0.07167082,1.6190314
73,1.6440474,0.8945764,1.1000665,1.0924609,1.404583,0.050079126,1.1703147,0.85658497,0.59967214,2.0914493
74,1.130534,0.51715696,0.12996356,0.82182866,-0.5536746,0.31388494,-0.030313278,0.7898817,0.7457643,0.45641428
75,-1.0680928,-0.4876963,-0.5347607,-0.44592762,-0.31375998,0.18788357,-0.47220305,-0.6146983,-0.43605068,-1.1410536
76,-0.587502,0.32257634,0.7101981,-1.0137948,-1.1418775,-0.33875355,0.70260507,-0.50301486,-0.60127753,-1.0296478
77,0.85585606,0.9616805,0.9691521,0.1795337,1.1522065,2.0701742,0.93815684,1.8129954,0.6515722,-0.39848486
78,0.9132626,1.0860229,0.38946754,0.8678146,-0.66445905,0.26092467,0.5296651,1.0695801,0.8409015,-0.10117259
79,0.81927097,0.5507629,-0.7990577,0.61522573,-0.7141515,0.56873864,-0.7955114,-0.29207885,1.8266176,0.55410296
80,-0.13479945,0.77972275,1.0876627,0.19432727,-0.49911615,-0.6054126,1.0671129,1.450031,-0.114956856,1.2043556
81,1.6311548,1.1213685,0.9907953,-0.28722462,0.38907835,1.3898288,0.93681866,0.13415517,0.47728747,-0.44549373
82,-0.80769426,-0.4272607,0.5208594,-0.741368,-0.7545893,-0.23427767,0.5096349,0.024043674,-0.25377882,0.17924753
83,1.0805963,0.6016903,1.1932662,0.6807871,1.4582936,1.5842454,1.1927613,1.5018972,-0.3838327,0.47405568
84,-0.4356333,-0.38667232,-1.4389863,-1.1145037,0.072846636,-2.0193074,-1.4387935,-1.350233,-0.9078192,-0.40116805
85,0.6181114,-0.70416075,0.71408963,-0.44639578,0.7354971,-0.07430242,0.76785076,0.42418826,-2.2401586,0.59542817
86,-1.0337775,-0.9658107,0.9258812,-1.0651429,0.0010306417,0.6405316,0.92661345,-0.7193876,-0.34793863,-1.5366883
87,-1.2726963,-0.04952679,0.26990587,-0.48884943,-1.1171261,-0.7192206,0.34005174,-0.0073409723,-0.9178494,-0.7760171
88,-0.23775697,-0.4048954,0.3489954,-0.5718941,-0.45196167,-0.7170501,0.3871294,-1.1856365,-0.6478179,-0.5660978
89,0.43177095,-0.83003885,0.66288024,-0.5373352,1.892146,-0.6488232,0.8008382,0.27660543,-1.2277316,0.97046286
90,-0.60046273,-0.87998754,-0.22387849,-0.58236134,-0.89578205,0.21120694,-0.27320945,-0.021257972,1.2999295,-1.5184159
91,-1.469939,-0.35362625,0.39390913,-0.7814337,-0.5017786,-0.78758425,0.23840953,-1.1812482,-1.2359064,-0.6866447
92,0.35881078,-1.0750754,1.4790297,0.49815527,-0.22698832,0.1963154,1.7457538,0.57514167,0.08624817,0.89614457
93,1.8960246,0.68720055,0.7370189,0.54576415,-1.0261492,0.721334,0.6526262,0.58640575,1.200312,2.1273074
94,1.099161,0.62700015,-0.14892451,0.63348895,-0.2515143,1.1994805,-0.30972528,0.62994176,2.0036886,-0.8501315
95,-1.6434879,-1.1613587,-0.08436293,-1.6256213,0.773183,-1.8063258,0.025564535,-0.4235184,-1.4256914,-0.02121995
96,0.62739325,-0.23124234,-0.2515858,0.23105271,1.5471191,-0.04543876,-0.044796463,-0.09836869,0.24207847,-0.8467143
97,-0.69843507,-0.23020476,0.16302109,-0.9831519,-0.97451067,-1.3764945,0.13284256,-0.4739153,-0.16087732,0.02885261
98,-0.5204115,0.058455124,-1.4642316,-0.36059704,-0.06109653,-1.3625568,-1.4562877,-0.79620826,0.11093979,-0.66704357
99,-0.33667904,-0.5369412,-0.21052559,0.3027659,0.72464055,-0.1391864,-0.11362284,-0.051974364,-0.5180583,-0.4981296
100,-1.416734,-1.5528595,-1.8840665,-1.0301747,0.41628733,-0.80493647,-1.8455458,-1.9256384,-1.1124691,-0.5243403
101,-0.72751683,-0.9678683,-0.5272709,-0.72690254,-0.82636416,-0.06910707,-0.5029245,-0.41455674,-0.15040332,0.024949541
102,-2.2160666,-1.6673856,-1.2033479,-1.1978227,-0.89885056,-1.2573639,-1.2147846,-1.4001678,-1.1932081,-1.5328209
103,-1.2429801,-1.2320018,0.8939334,-0.08862698,1.0070386,-0.328175,0.82635623,-0.8313391,-0.32045215,0.06417281
104,0.72064847,0.34240216,1.2154939,0.7183152,1.0686264,0.084152855,1.2016407,0.84261453,-1.0722818,0.3239488
105,0.95925224,1.1187142,-1.8846701,0.56565255,-1.5435379,0.5958851,-1.8800485,-0.80496395,2.2242796,-0.6229153
106,-0.7215408,-0.9011187,-0.18436153,0.31727245,0.3511478,-0.43312705,-0.28801236,-0.11000983,-0.5157573,-1.2511877
107,-0.87565935,0.012651512,-0.12894891,-0.8145005,-0.8138501,0.24990109,0.0084717395,-0.40895128,-0.8377644,-0.01705746
108,0.39938277,0.4637114,0.7288493,0.04254546,1.0473293,-0.39004934,0.6157465,0.21337286,-1.1148592,0.93545634
109,1.0624818,0.33927622,-0.88932866,0.8936468,-0.44492462,0.57500166,-0.8550031,-0.737377,1.0915033,-0.4879232
110,0.1213268,-0.21629529,1.54624,0.51752484,-0.22933808,-0.21525235,1.466977,0.7874375,-0.056139927,1.2289242
111,0.9697162,0.52490497,0.2639255,-0.15739475,-0.30198497,0.27030447,0.32742321,0.91767424,0.73810863,1.1802887
112,0.24963742,-0.1737498,-0.14377718,0.3439555,0.17056696,-0.32324436,-0.24552727,-0.14922792,-0.1138617,-0.38026553
113,-0.25896585,-0.83144456,-0.8360534,-0.6349648,-0.8360643,-0.14395554,-0.84955716,-1.8694259,-0.16104564,-0.08595259
114,1.263407,0.39230263,-1.5131294,0.8139496,-0.37576273,1.320586,-1.4103286,0.05301627,0.6732476,-0.25646645
115,-0.40107736,-0.10424454,-0.5943303,-0.3206448,0.40547815,-1.2384914,-0.5479395,-0.3404053,0.1567767,-1.0976375
116,-0.22616263,-0.5628684,-1.6552919,-0.8116267,-0.8103831,0.012370249,-1.5928231,-0.4485292,-0.3484798,-0.6339233
117,-0.15685725,-0.26670116,0.66286975,-0.78997165,2.3016353,0.84775764,0.6644802,-0.384697,0.61228925,-0.5389705
118,-0.5662885,-1.043336,-2.219219,-0.15588549,-1.6628984,0.21310917,-2.1305475,-0.85551924,1.385501,-1.677776
119,1.1440793,0.35156137,0.53666484,0.94262886,0.30207554,0.6092442,0.3783276,0.4714141,-0.07287611,0.89782476
120,0.11577905,-0.06825382,-0.03393806,0.19051085,-1.1350448,1.290345,0.06614561,0.73217595,1.1091849,0.0017416219
121,-0.4780481,-0.9334855,0.39323723,-0.99479747,-0.18375833,-1.2300935,0.43194827,-0.76364,-0.39835092,0.8732777
122,-0.061164226,-0.33035854,0.0004922053,0.35596702,-0.2725487,0.734587,-0.05007757,-0.004380208,0.49782723,-1.4390111
123,-0.47725984,-0.905246,-1.3859404,-1.1255565,0.09892483,-1.3207759,-1.3419421,-0.582797,-0.6560895,-1.0936106
124,-2.0381887,-1.8295556,-2.2913983,-1.8493974,-0.19641104,-2.0067592,-2.105058,-1.5613781,-0.8444978,-0.53976095
125,1.212378,1.1564307,0.1567178,-0.33297098,0.38671085,0.85578614,0.083711185,0.43085182,0.38906425,0.32058313
126,-1.5421767,-1.3393316,0.7695202,-0.32078227,2.5066833,-1.3554717,0.82131106,0.20293029,-1.2812146,0.07378496
127,0.55731046,0.5341797,-1.1770998,0.9165918,-1.2969216,-0.8182953,-1.2253407,-0.52476,1.4138055,-0.91325206
128,-0.29139844,-0.77795327,-0.21792595,-0.76290464,1.7170905,0.36945355,-0.109343596,-0.27123696,-0.87816685,0.22679217
129,1.3650367,1.579329,1.5446664,2.2732294,1.7588409,1.7925069,1.6534156,1.2488157,0.46223617,0.49031267
130,2.5942576,1.4988786,0.9498124,1.8780013,-0.6488133,2.0686898,0.92202795,2.6155796,1.062778,0.44490767
131,1.5106374,1.4041439,0.8334506,2.2273922,-0.878039,1.0842733,0.8408042,1.9694849,1.687697,0.18902414
132,0.29515094,1.0919863,-0.95069,1.5041543,-0.55273736,0.41306362,-1.0741458,-0.85962576,0.5533686,-1.5515407
133,-0.9043757,-1.9376035,-0.09588822,-0.94148093,1.6429099,-0.7008211,0.104701005,-0.31231222,-0.04155248,0.27561316
134,-0.68011373,-0.1349494,-1.7029353,0.20393263,-1.3034675,0.878229,-1.6956422,0.28034776,0.6945756,-0.2536894
135,0.53386384,-0.4464328,-0.36431983,-0.13005754,1.1228875,0.35379964,-0.35834494,-0.11599444,0.69293326,0.63174325
136,-0.12709932,-0.44025603,0.25211245,-1.1083609,0.75672054,-0.26873684,0.26360425,-0.4149283,-1.4327452,0.83211184
137,1.6470819,0.1704156,0.62886673,1.5408715,0.17385145,0.45831928,0.6919241,0.042405374,0.77443486,1.467965
138,-0.1997022,-0.7713231,0.292408,0.31414017,1.8493217,-1.1732963,0.16531467,-0.15703167,-1.2532574,-0.54574615
139,-1.1348246,-0.30106026,1.0020198,-0.9324928,-0.10108881,0.6200229,0.9752629,0.93079585,0.2736153,-0.24232735
140,0.37451956,0.44010755,-1.1101178,0.0056632455,-0.32045496,-0.80678767,-1.0988959,-0.780188,-0.54768825,-1.3863759
141,-1.2513572,-0.6149764,-1.9507631,-0.901522,-0.93393344,-0.27706882,-1.8983283,-0.08724117,0.5745167,-1.0126095
142,1.129609,0.93280584,0.5634091,0.9544945,-0.9356978,0.22212446,0.71680075,1.0984939,0.92080605,1.0806329
143,-0.04259815,-0.20911954,-0.041661363,-0.000942093,0.47123668,0.1805268,-0.0052285367,1.0240798,-0.35986158,-0.46387494
144,0.7783518,1.1574228,0.79370576,0.4809253,0.028572608,1.3839456,0.81557035,0.75357985,1.8422877,2.2180727
145,-0.017762525,0.9491021,0.021011388,0.26780093,-0.6072971,1.8674431,0.013026324,0.14523162,0.43724227,-0.37679788
146,0.20694692,0.5173399,-0.018575722,-0.3681068,-0.338623,0.14553648,0.010278222,-1.1723328,0.15508258,0.0717264
147,1.2939483,1.1937237,-0.17068078,1.349276,-0.11829847,1.2474452,-0.14374235,1.2929921,0.746066,0.46362674
148,-1.8027644,-1.3668166,-1.5618253,-1.3593748,0.028919179,-1.9787512,-1.4855797,-1.6740086,-0.17660266,-0.25640383
149,1.6915649,1.4187595,-0.36390176,-0.07078035,-0.50614864,1.1085471,-0.1980122,0.2947225,1.0343411,-0.44234937
150,-1.2668563,-0.4848308,0.11102247,-1.2180429,0.66078424,-1.419834,0.037472915,-1.1064572,-0.8325809,0.32050326
151,-1.1098512,0.26040307,-0.028162533,-0.9378336,-0.24743275,-0.026167616,-0.053454798,-0.76171803,-1.2071209,-1.0839391
152,-0.108681664,0.43447277,-0.8457744,-0.6608796,-0.4808343,-0.0349778,-0.9084868,-0.74333805,-0.7372063,0.79871446
153,2.0396051,0.6306129,0.55791557,0.9619566,-0.35353398,1.5084668,0.45888227,1.8744748,2.0276134,0.46317965
154,1.2357414,0.32062235,0.72735065,0.43050414,-0.8399423,0.47112656,0.777314,1.572056,0.4609417,0.72307336
155,1.2454739,0.52140474,-0.52350235,0.8492852,-1.3518004,0.09229409,-0.42007294,0.788719,1.6085135,0.86648744
156,0.20162319,-0.10582976,-0.027205953,0.1336862,0.4545665,-0.7019052,-0.069588326,0.43710873,0.29163048,1.178308
157,-0.6956787,-0.69207996,0.07612529,-0.0782361,-0.02503195,-0.31784952,0.026740937,-0.42696062,0.8205242,-0.035750613
158,-0.057423353,-0.653759,-0.5090874,-0.34265783,-1.4432244,0.15637955,-0.44589338,0.650344,-0.039804403,-0.21219225
159,1.5116036,0.06528383,0.5105172,-0.4571095,-1.3752524,0.38776818,0.46076134,-0.4825691,-0.7168499,-0.53931
160,0.49769416,-0.09888962,-1.748399,0.22591399,-0.41149974,-0.13694775,-1.6514186,-0.72824657,0.97545123,-1.5461725
161,1.0130205,1.9791073,0.47149375,0.5355826,-0.4692355,1.3334893,0.51862663,1.1354226,1.35552,1.9118271
162,-0.5069393,-0.9791318,0.22784668,-0.0522798,1.8567854,-1.1298947,0.2505221,0.71143013,-1.597294,0.53342104
163,0.61980546,-0.25065497,-1.1992594,0.78523916,-0.2316916,-0.53118277,-1.269419,0.43898264,0.110726625,-1.2658502
164,-0.62682474,-1.0369767,-0.9315874,-0.3745412,-0.3849235,0.015621735,-1.233249,-0.92854816,-0.7627777,-1.3683108
165,-1.2192394,-1.3786198,-0.12717412,-1.267621,0.11501996,-0.40749547,-0.11438543,-0.21987155,-0.26570788,-1.6703653
166,-0.31476274,-0.4166575,1.7163185,-0.101562895,0.883541,-0.7145553,1.6875066,0.15612806,-1.2463971,0.17681299
167,0.03263835,-0.32331878,0.1740244,-0.87270004,-0.10495345,0.34659266,0.15822196,-0.55483836,-0.33573514,-0.129946
168,0.17921518,0.09801826,-2.6575139,0.15553614,-0.6984244,-0.16551058,-2.533128,-0.5943686,-0.3622909,-1.6679742
169,-0.4623933,1.3442466,0.5822347,0.6831609,0.81400275,-0.08830923,0.5799474,0.4816573,-0.102766804,-0.47060284
170,-0.4086745,-0.3100942,-0.21989529,-0.059824094,-0.71472913,1.1393319,-0.21766952,-0.12049906,0.4160999,-0.7589671
171,-0.22061768,-0.31441316,-0.40113863,0.32146695,-0.18265396,0.20460872,-0.30646378,-1.2657124,-0.9337155,-1.6782731
172,-1.0700461,-0.6359448,0.56901234,-0.6637475,1.6212819,-0.9729008,0.61237365,0.7099694,-0.9043446,-0.30734646
173,-0.72349113,0.61528516,1.3969134,0.9374459,1.6232197,0.07468171,1.3588754,-0.5333314,-1.1381341,0.7872704
174,-0.516831,-0.8604884,1.0514838,0.24719937,-0.65975046,-0.015216516,1.1440742,0.05151818,0.37144884,0.54882276
175,1.070443,1.4933401,1.4401748,1.0947756,2.2700183,1.338369,1.5072123,1.462183,1.0144349,2.0162728
176,0.21603912,0.3497717,-0.009730215,0.42267582,-0.39256725,-1.423841,-0.04630984,0.33121896,-0.5356746,1.1797177
177,0.9763101,-0.13670994,0.62209857,0.99810445,-0.5607504,1.1941308,0.7705449,1.1516577,1.2540057,0.76900923
178,-0.8032028,-0.9123588,0.80601233,-0.89288914,-0.050892737,-1.274677,0.8368275,-0.65397054,-0.70462126,-0.18153252
179,0.035579316,0.39254105,0.19127165,0.600006,-0.18840477,-0.6322169,0.21979117,0.1010545,-0.5949564,1.4889534
180,0.42978722,0.9250616,1.5186507,1.3877598,1.7104048,1.0412467,1.6150677,1.2287952,0.47570336,-0.43887883
181,0.119930126,0.317307,-1.0992051,-0.20677277,-0.13961028,-0.28767297,-1.0287625,0.14201361,0.03055669,0.14516638
182,0.6214032,0.87122035,1.0708992,0.88880724,-0.41198257,1.2864885,1.0313125,1.34704,0.30602244,1.6867051
183,-0.95703936,0.019711042,1.3743099,0.31670657,2.8959014,-0.52047956,1.8670807,1.4204724,0.31729072,0.34696355
184,1.7714298,1.2614653,-0.06538547,0.7613478,-1.006973,-0.010076534,-0.09499823,0.008700969,-0.1211373,1.8179309
185,-0.2731199,-0.49207124,-0.007687206,-0.6660571,0.1302007,0.5619737,-0.032093134,0.7211916,0.447613,-0.23155911
186,0.7194744,0.30938166,1.3083307,1.1766846,0.15481691,0.60245454,1.3405156,1.5793564,0.10935934,1.1192707
187,-0.79913074,-0.1800876,-1.6929337,-1.3680556,-0.40346017,-1.2363144,-1.6641046,-1.3512554,0.20444934,-1.423841
188,-1.4061441,-1.4784446,-0.19426714,-1.4667062,-0.45968008,-1.4172848,-0.17140377,-1.3760477,-0.9834008,-0.560262
189,-1.4987038,-1.282858,-2.0614557,-0.58666986,0.15953584,-1.1316487,-1.9473336,-1.7105577,-1.0465237,-0.52036375
190,0.9685917,0.20978688,1.4695655,1.0528156,-1.5011477,1.600313,1.4669986,1.215771,1.9137123,-0.37257165
191,2.7473755,1.140871,1.5005894,0.74875265,1.3256106,0.6023002,1.6486801,2.5791924,0.90626645,2.0491252
192,-0.10594924,0.7266208,1.3826458,0.59296775,0.3137187,0.7916609,1.440111,1.7743815,1.5556353,-0.22000842
193,1.1215069,0.08327184,0.30150726,0.05311191,-0.12143436,0.39421996,0.33794004,-0.76129186,1.1584622,1.0353954
194,-0.115158625,-1.1393007,0.14691749,-0.87343603,1.447007,-0.57507694,0.15606879,-0.057335425,-0.73808175,0.48186472
195,0.94895554,0.9594341,1.497654,1.3286902,-0.725297,1.439646,1.6055448,1.2666684,0.34931475,0.50991946
196,-0.4046791,-0.34678993,-1.9827949,-1.088291,0.15883578,-0.64984393,-1.9757309,-0.56290257,-1.005298,-1.5425943
197,0.80798507,1.183447,1.2798556,0.90630394,-0.45540962,1.0377702,1.3018613,1.5267848,0.7247569,1.9770918
198,-2.0863814,-1.4997618,-1.5380108,-1.2732383,-0.3979672,-1.5599842,-1.3375964,-1.5149161,-0.62102,-0.33452454
199,-0.112428986,-0.010130112,0.4824062,-0.45602745,-0.58860064,-0.12801483,0.3961144,0.30778518,-0.7219999,0.5827298
200,-1.6892161,-0.986384,-1.8448032,-1.8634233,-0.46055543,-1.9537586,-1.8221047,-1.4570565,-0.28001875,-1.577684
201,1.7478677,0.7427407,0.65050876,0.6811926,-1.1745987,2.443756,0.62380654,0.75419855,1.9142083,2.2802715
202,1.22639,1.408825,0.058992278,0.6994552,-0.21808273,0.22975215,0.020128725,0.8331005,1.0469247,1.681974
203,2.6010711,2.5433002,1.2838413,0.6060403,0.97028875,1.1091362,1.2848427,0.82482606,-0.25576562,0.22872908
204,-1.2912877,-1.8024241,0.20739509,-1.3846809,0.9319005,-0.59453493,0.3047426,-1.5933154,-0.3723705,0.25268623
205,1.9581738,0.957509,1.1492192,1.568269,-0.49749517,0.68229234,1.167662,1.0100424,0.5883561,1.9265387
206,1.4960983,0.7430449,0.039669458,0.87879765,-0.11338003,0.08153686,0.05627095,1.7432599,-0.12920822,1.7907965
207,0.93483275,1.5826882,0.4564038,1.1742964,-0.39553997,1.8070691,0.42291898,1.5980618,0.90312976,-0.7170508
208,-1.391977,-0.94361097,-0.41234288,-1.4310967,0.06699757,-0.4058125,-0.40176097,-0.4597749,-1.0395954,0.535748
209,-0.8422323,-1.0775478,0.54675055,0.7284058,1.8737749,-0.2627234,0.4985418,0.81591475,-0.7486054,0.6678054
210,0.28413025,0.38647133,-0.5382029,0.49908707,-0.4234179,0.4394034,-0.52412987,0.23973702,1.1882324,0.72317815
211,-0.20169355,-0.32522276,0.3920223,0.0015359962,-0.7924241,-0.9983806,0.5070245,0.21512555,-0.60001856,-0.73167807
212,-0.8016365,-0.41199946,1.1888186,-0.92734,1.8388644,-0.5805267,1.2270265,0.8216782,-0.53229517,-1.1340516
213,0.08903629,-0.020912513,1.0152504,0.28500527,1.1638806,-0.22926189,1.0614752,-0.17033018,-0.21848789,-0.12135086
214,-0.12707455,-0.039922267,-0.52931756,-0.046867773,-0.05632564,-0.27647653,-0.47865942,-0.8727884,1.0746299,1.137748
215,0.73596364,2.3358388,1.7493752,1.6732416,1.8798846,1.6333455,1.628656,1.6614728,1.4577535,-0.2795713
216,1.6762292,2.0966818,1.728794,0.63031477,1.2342738,1.3076785,2.0543957,1.0601791,1.5140842,0.74272853
217,0.17896329,-0.34037632,0.8395599,-0.49218497,1.5788608,0.29443353,0.72391105,1.4676268,-0.0022176702,-0.5021146
218,-1.6826053,-2.1274655,-0.8166293,-1.7296128,-0.48250824,-2.0678957,-0.76274174,-1.4113113,-1.0873437,0.16775176
219,1.4932805,1.4778274,0.8469114,-0.11131564,-0.8452672,1.6769681,0.68055403,0.05703981,1.2618719,-1.1843597
220,-0.51535416,-0.47735015,-0.8520987,-0.42208952,-0.30599263,0.061801586,-0.9060257,-0.85549337,1.4073744,-0.97210383
221,-0.5578061,-1.7147425,0.84303063,-0.2756269,1.638458,0.14685895,0.8740205,0.3386162,0.005144351,0.39313138
222,0.61592275,-0.50902194,0.68016374,0.039917126,1.4620329,0.32293096,0.69585764,0.10607435,0.23552012,0.6018018
223,0.4829192,-0.017885955,0.77248025,0.6106622,-0.3501554,0.71793795,0.80896896,0.8276187,0.9539182,1.0309961
224,-1.3780556,-0.10767853,0.35683686,-0.78639024,-0.4179206,-0.23303743,0.32647288,0.45991373,0.29838285,-0.4121441
225,-0.09905279,-1.132079,0.97919065,-0.20667906,-0.4055619,-0.8130889,1.0449324,-1.2341255,-1.0241014,-1.5236729
226,1.7328237,0.9000452,0.4447425,0.9351213,1.7672335,1.3682342,0.6059876,1.1480806,0.5084842,-0.8260436
227,0.09260147,-0.7484825,1.1013018,-0.7046344,-0.8534045,-0.6710571,0.73416233,0.20182304,-0.5191838,-0.2989458
228,-0.6613324,-0.39531446,0.09358548,-1.0917674,-0.9000444,-0.16241518,0.1451172,-1.4955188,-0.66166925,-0.091579705
229,0.39510703,0.3017505,1.2853136,0.276013,-1.1154084,0.036592077,1.0691695,1.4711579,-0.5075002,-0.88988614
230,-0.13637352,0.45217535,-2.1222208,-0.581956,-1.4040829,0.25210744,-1.9538944,-0.590787,-0.8315822,-1.6700943
231,-0.28375554,-0.29384813,-1.6487732,-0.45886204,-0.9956336,-0.4530281,-1.6838037,-0.46828315,-0.41180488,-1.037413
232,1.1626673,1.8780687,0.7602435,1.4560399,0.106587574,0.83541214,0.67889124,1.0466455,0.9618646,0.83396363
233,-1.535098,-0.35581324,-1.8225319,-1.8348655,0.5358147,-1.13215,-1.8184979,-1.0074278,-0.16150028,-1.5513476
234,-1.1275349,-1.8650689,-0.83358926,-1.0060284,0.75517833,-1.5125444,-0.867747,-0.71815354,-1.3773662,0.074046224
235,0.49168018,0.65364534,-0.7464726,1.2779756,0.30321988,1.6213995,-0.61876565,0.9542387,1.4262354,-0.5115447
236,-0.031204998,-0.42386404,0.76810837,0.9248887,0.8657534,0.28970343,0.69588023,0.0432622,0.093772106,-0.06268627
237,1.5200595,1.0438803,1.4947059,2.2347128,0.9226109,1.0417336,1.3546541,1.2793067,1.7247683,2.0471828
238,-0.3601775,-0.9053217,-1.3479971,0.069375485,-0.4220395,-1.2389753,-1.2764411,-1.0222822,-0.92610115,-1.0070814
239,1.9591429,2.0335505,1.0017076,1.5301229,1.7575184,1.1406397,1.068342,1.5381649,1.2023814,-0.08006385
240,-0.85059077,0.2097545,-1.5329894,0.5760813,-0.97819537,-0.6923176,-1.5698831,0.040763613,0.06655272,0.19347689
241,-1.1683415,-0.27253294,0.09552929,0.1394514,-0.36731356,0.24294779,0.104322,-0.2819708,0.12265807,-0.49181986
242,-0.66293347,0.9797435,0.20272143,0.00011188479,0.27661648,0.23847502,0.1941918,0.5051446,0.34524143,-0.87805396
243,1.2876558,1.1816093,0.53814787,0.56181854,-0.22557081,0.42450464,0.581396,0.61521703,0.34208077,-0.21018995
244,1.3806753,0.7469406,0.29666454,0.86705524,-1.3610015,0.8255779,0.15273704,0.83841294,1.7296479,0.92562
245,-1.1934693,-0.5771249,-1.4322293,-0.1278949,-0.99658,-0.5303279,-1.3967746,-1.2039106,-0.57436764,-1.6813982
246,0.33641797,-0.54097444,1.1940686,-0.1840009,0.2656069,0.059942376,1.1018322,1.1499811,-0.4481981,1.1478844
247,-0.52276,-0.72071266,0.32584393,-0.9968431,1.3303874,-0.01621537,0.26868716,-0.18002388,-0.6334676,0.9806071
248,0.8648355,1.7775774,0.43469766,0.64479184,-0.40840372,0.46974492,0.55028117,-0.29907703,1.1622827,1.7972151
249,0.92862415,1.7302514,0.7736064,2.210549,-0.51467705,0.30062246,0.64988565,1.4043113,-0.06472804,1.9001327
250,-1.5827466,-2.2140825,-0.06936859,-1.3749164,-0.28143322,-1.7294371,-0.11256517,-0.8916665,-0.35959157,-0.13568558
251,-1.0504172,-0.032598883,0.21631728,-0.028279733,0.33045366,-0.38855633,0.12983917,-1.0622612,-0.16529259,-0.69027895
252,2.2570772,2.4432075,0.51803404,1.6566556,1.8625687,2.265451,0.56467474,2.9480152,2.0640993,0.7082921
253,0.13820009,-0.22526738,0.4178964,0.7581342,1.6454134,0.48404157,0.44242775,-0.78319687,-0.51717204,0.25785738
254,-1.4041795,-1.6208003,-0.9037253,-0.9906361,-1.1337798,-0.5752347,-0.9314211,-1.9270959,-0.9624524,0.26698035
255,0.6073303,0.53678995,1.4588172,0.22670348,0.49597785,1.2823691,1.3501862,-0.0022765952,0.9843985,-0.77750844
256,1.6808662,1.3149856,1.2856779,2.3912566,-0.063428804,1.1225911,1.2926056,1.3477472,1.5869303,2.4016447
257,1.3249679,0.97961795,0.63916725,1.7191298,-0.42450806,0.7387748,0.6745177,1.2867347,0.8708337,0.62924266
258,0.70658034,0.3695315,0.30123532,1.1958969,0.9061159,-0.04569279,0.5265392,0.32142544,0.5427585,-0.78158873
259,-1.3579546,-0.55013835,-1.5320696,0.28804308,-0.5333684,-0.32176107,-1.4844955,-0.40815544,-0.19164132,-1.4918379
260,-0.046287045,1.4191273,1.4561434,0.028468035,1.2815132,2.1749153,1.4675909,1.5508769,1.603451,-1.1643381
261,-0.6955854,-0.7936302,-0.6845037,0.102619976,0.59707683,0.70222044,-0.6756586,-0.68343514,0.53811103,-0.9547337
262,-0.35764444,0.93824184,0.9613906,0.86861944,-0.931425,0.46652514,0.94075996,2.7697723,-0.2400817,0.77691996
263,-1.7432554,-0.31426406,-0.44320747,-0.39640284,-0.6631202,-0.69243395,-0.20427844,-0.8897698,0.16859886,-1.3735917
264,0.053522192,0.6784569,1.090613,-0.52200013,1.5960442,-0.43879262,1.1733066,0.6442792,-0.4088021,-0.06443332
265,1.3811047,1.2982154,1.2785673,1.2921797,2.245403,1.43131,1.1998628,1.446015,1.2110206,0.013267895
266,0.77098554,0.68989784,1.0233955,1.0293325,0.5864836,1.493289,0.7655886,0.4894597,1.0509158,-0.13270958
267,-1.830583,-0.9849028,-0.48393038,-1.1821961,-0.4224852,-1.5876453,-0.44690046,-0.39718094,-1.0287453,-0.35724622
268,0.12777409,-0.16011019,0.8065364,0.03445007,1.1929792,0.9333258,0.5346856,0.7375986,-0.3739669,0.84581864
269,-0.7387582,-0.24514776,0.61538655,-1.020178,1.9319807,-0.034201678,0.63560385,0.041826416,0.24926256,0.5885798
270,0.15702839,-0.33950672,-0.4251701,0.30476442,0.6004483,0.3620458,-0.30401465,1.2396582,-0.20371856,-0.24349508
271,0.38264266,0.27966255,0.5230046,1.0895773,0.19139485,-0.4666931,0.50004137,0.13982017,0.06668259,0.040756583
272,1.3972777,0.77588874,1.3890563,1.3248763,0.49127868,1.2698952,1.2387663,0.8831432,-0.033229247,2.4600239
273,1.1840035,1.382986,1.2040339,1.5921916,-0.7325072,0.14471857,1.2074108,-0.009467769,0.13839294,1.4299806
274,0.17067517,0.35408765,0.48046625,1.2544827,1.7637895,1.094537,0.5615259,0.47698903,0.7168277,-0.38550887
275,1.0371747,1.1894696,1.6025163,0.95528126,0.246628,0.5309992,2.1271584,1.7718465,-0.12831794,1.5971082
276,0.8958739,0.58515567,-1.0630319,0.7213218,-0.82494247,-1.0572218,-1.0464518,-0.44782588,0.3197784,0.451752
277,-2.1734922,-1.5668412,-1.9327534,-1.100463,-1.1385611,-0.5397962,-1.8945794,-1.7989006,-0.21629325,-1.6819994
278,1.7492373,0.9011957,0.2674278,1.3371805,-0.4461362,0.8664106,0.5967259,1.6111404,1.2754852,0.3862858
279,1.2372602,0.5247233,0.4310098,1.71288,0.45315686,0.9003171,0.5252501,0.23234405,1.7761581,0.6056255
280,-0.27147293,0.19544008,-2.1784706,-0.4158558,-0.14386,0.015681868,-2.0231938,-1.3044242,1.4748936,-0.83630204
281,-0.082299784,0.39340597,-1.5335774,-0.29847324,-0.5527836,0.6704078,-1.4478836,-0.6098549,1.2711293,-1.3702966
282,-0.18901157,-0.097281836,-0.014763813,-0.17241076,0.081004426,0.8208545,-0.052347627,-0.89792097,-1.3890294,-0.06423156
283,-0.8855944,-1.4183602,-0.3283794,-1.427061,0.030175734,-1.562119,-0.19983593,-1.1763172,-1.0522422,0.0320903
284,0.39835408,0.12433496,-0.90308267,1.4623066,0.25924787,0.72856164,-0.85496265,0.42195737,0.15606776,-1.3023745
285,-1.3384864,-1.45747,-1.3821064,-1.7419713,-1.6455888,-1.7593899,-1.24571,-0.3555779,-1.6794178,-0.5809992
286,0.26227042,-0.20163365,-2.1017206,0.5443907,-1.392242,-0.45865643,-1.9555917,-0.89775544,1.5939863,-1.2435263
287,2.09446,2.5537422,0.606134,2.446911,1.6932446,1.9389894,0.6931206,1.7966222,1.5469598,0.8626318
288,-1.3095767,-1.1184597,-1.6832601,-1.2930677,0.19586544,-1.0600893,-1.689107,-1.2550772,0.18597221,-1.2582613
289,-1.3390275,-1.5278411,-0.50778776,-0.95098555,1.4723977,-0.82740855,-0.34593424,-1.0187423,-0.3790866,0.5071568
290,-0.93522877,0.104430944,0.17124318,-0.07946043,-0.84608686,-0.38156867,0.14047475,-0.51362854,-1.6098566,0.96680653
291,0.89581,0.00973198,0.080991946,-0.10205981,0.6925158,-0.20181446,0.22458746,1.1813905,0.101698115,1.3879063
292,-0.750879,-0.12108462,-0.21250571,-1.1979408,0.0340585,-0.87546563,-0.1972521,-0.21738741,-0.5480953,0.23679526
293,1.1178198,0.72989964,-0.17408584,1.0620921,-0.053026807,1.0670035,-0.32142115,0.25038368,1.3410989,-0.11299742
294,-1.404063,-0.3848088,-1.545068,-0.7485435,-0.9887427,-1.6406196,-1.4726696,-1.018926,-0.85741985,-1.3623364
295,-1.5519551,-1.3823506,-1.1045604,-1.8431424,-0.49401495,0.26014143,-1.0614481,-1.5228432,-0.59529126,0.006706955
296,-1.0293605,-0.0202256,-1.1727216,-0.30105734,0.12307374,-0.50145304,-1.1677846,-0.8972515,-0.4526437,0.19368608
297,0.26577148,-0.040138762,-1.2680169,-0.88898075,-0.3828686,0.116422884,-1.2337373,-0.17904073,0.74197847,-1.2073725
298,0.7027998,0.049537815,1.2106061,0.64843625,1.8461329,0.26954398,1.2899914,0.56837577,-0.511091,0.41784042
299,-0.9737912,-1.43496,-0.9727588,-1.5379107,-0.953085,-1.5154605,-0.8525132,-0.004093082,-1.2447338,-0.47673926
300,0.37009472,0.42451727,-1.6706874,0.16570556,-0.7436739,1.1222448,-1.6328354,-0.22389324,-0.022053942,-1.4435403
301,1.0525538,1.3962806,1.637168,0.45664877,1.6890287,0.8538894,1.7234454,0.36779493,0.12174975,1.0102416
302,-0.26849413,-0.37212813,0.61723655,-0.19638784,1.8330323,-0.26918036,0.7558266,0.20624669,-0.28574854,0.52552927
303,0.44320762,1.1981716,0.5633912,-0.47372052,0.16049062,0.79620445,0.42853227,0.5644365,0.5466353,0.61816293
304,0.48004106,0.7646439,0.7894827,1.1592274,-0.10260372,0.8781221,0.86415625,1.0069352,1.2934556,-1.1484547
305,0.38692996,-0.48396453,0.8172017,0.80284166,-1.4618529,-0.002591981,0.7899982,0.37940812,-0.83262783,0.84220046
306,-0.26729703,-1.3841864,0.66431475,-0.7814865,-0.22438042,-0.47105914,0.73079246,0.32076767,0.5263448,0.7941896
307,1.1392602,1.9922215,0.55880344,0.3108921,-0.14022331,1.2428463,0.65829813,1.6540043,1.1526444,-0.27596292
308,0.09060285,1.0146784,1.3408295,-0.37182027,-0.9569639,-0.60034174,1.3781728,0.49718148,-0.62051195,2.2272668
309,-0.0023891928,0.7398988,-0.56336594,-0.57679456,-0.10526872,0.5315839,-0.53094715,0.52118635,-0.2805477,-1.171017
310,0.8345834,-0.48674947,0.5663505,0.5184489,-0.069405556,1.0082146,0.5617644,-0.34190372,0.16558391,-0.27388167
311,0.18055788,-0.8787003,-1.4555109,0.04991895,-0.6061216,0.0002623923,-1.3718783,-0.9329838,-0.6387326,0.060548984
312,0.14049403,-0.29706386,-1.8898815,-0.53798395,-1.0590876,-0.41091555,-1.8661364,-0.8830363,-0.5404415,-1.4187132
313,1.0027304,-0.66419864,-0.23592095,1.338412,0.32149497,-0.37437332,-0.09320719,0.18389404,0.79692125,0.8527529
314,0.074012905,0.5859297,-1.6942924,-0.26466712,-0.37355012,0.5643743,-1.7173276,0.84344053,1.7308644,-0.51712227
315,-1.8922622,-1.1599221,-0.59080404,-1.0414878,-0.92525804,-0.8320509,-0.703641,-0.77464765,-0.3762105,-1.1848127
316,-1.3428749,-0.90092134,-1.8689548,-0.959517,-0.079209015,-1.6554068,-1.8764807,-1.5458134,-1.278071,-0.91342664
317,-0.3235198,-1.1604363,-1.2539623,-0.6923824,-0.88778114,-0.6918861,-1.2108759,0.09626901,0.7766057,-0.051959675
318,-0.4665241,0.06532503,0.15569472,0.6506416,-0.61103886,-0.53119224,0.17556088,0.8021136,-0.44828418,-0.34416488
319,-0.70011115,-1.293899,-0.18961723,-1.2201461,0.32364944,-0.98160374,-0.17680287,-0.18637405,-0.99440885,0.010134121
320,0.7825675,0.6185361,0.826923,-0.39267147,1.1345315,0.3023572,0.8090609,0.04228067,-0.45452845,0.83525807
321,1.0469829,2.5546505,0.45468864,1.0492005,0.06366818,1.1658301,0.45595345,1.1101764,0.62720025,-0.5251255
322,0.33662546,1.2327982,0.5910291,1.1945826,-0.3253266,0.08238025,0.57134163,0.85639256,0.94980794,1.5495476
323,1.200954,0.5248449,1.0124989,1.6478441,-1.2695484,0.052618343,0.8281583,0.7401676,0.3008732,1.6767021
324,-1.0158478,-2.2388647,-0.04239502,-0.88829315,-0.32332337,-1.3571646,-0.06162339,-1.1654155,-1.2675546,0.30108756
325,-1.1263794,0.5731333,0.7857504,-0.9358284,-1.1217723,-0.5466849,0.65299857,-0.5664954,-0.7525737,0.96876335
326,-0.55460566,-0.4010615,1.0084015,-0.23878263,-0.473891,-1.0832952,1.1242981,0.7681924,-0.1432415,-0.5369631
327,-1.0031816,-1.1759338,-0.35256088,-0.72622746,-0.06797539,-1.0044539,-0.34898442,-0.089296944,0.093971,-0.6308453
328,-0.15691663,0.7427807,0.33819264,0.15269373,1.8060886,2.2483685,0.39712635,0.14539212,0.64256096,-0.35645032
329,0.22420591,-0.10141565,-0.0643635,-0.16206121,-0.79800445,0.5893524,-0.008160899,-0.33167723,-0.8637376,-0.19843271
330,-0.43448207,-0.8270492,-0.8486454,-1.1773379,-0.3254714,-0.4722105,-0.89191824,-1.02507,-0.5159672,-1.1934961
331,-0.7493518,-0.25618497,-0.65367395,-0.3454833,0.29547903,-0.73840916,-0.7811417,-0.8816781,-0.5239752,0.030175967
332,-0.6382302,0.51748294,0.52184844,-0.8581072,2.1264322,-1.6834366,0.5662465,1.8689526,-0.69540364,-0.38333076
333,0.9786578,1.0778656,0.7688068,1.2219217,-0.104360834,0.02007777,0.7601733,0.176378,0.55293417,-0.34476843
334,-0.875675,0.13921022,1.0097461,-0.53635013,1.9730653,-0.2698684,0.92784256,-0.3720595,-1.0990175,-1.3420255
335,-0.099950396,0.4874605,-1.476107,-0.6896584,-1.1842273,-0.45213982,-1.3186275,-0.6993092,1.1225677,-1.2698525
336,1.6242789,0.93713576,1.3374922,1.3730627,1.4039499,1.5504366,1.3441552,1.2155122,0.5910272,1.8767766
337,-1.4475889,-0.7576849,0.63503444,-0.55138946,-0.76220566,-0.8884698,0.65736306,-0.8582552,-0.3943195,0.2303435
338,-0.85823166,-0.28241745,-0.8021416,-0.68761635,0.43338844,-0.2008859,-0.7726025,0.010165861,0.7955164,-0.5711049
339,0.647094,0.2530196,0.8066859,0.890616,-1.3919196,0.68674207,0.71595323,0.30879796,0.08788617,0.2501172
340,0.22974712,-1.2445068,0.75851804,-0.47481787,0.5980825,-0.24606258,0.8445712,-0.46132565,-0.42441294,0.18504094
341,-1.5757852,-1.3238499,-2.8411915,-0.6224686,-1.2299478,-1.1577485,-2.7251496,-1.9048766,-1.1107705,-2.1093476
342,1.7787892,-0.37594643,0.85132164,0.21941145,-0.7086571,1.0056874,0.86029464,-0.1713529,-0.41284722,1.1979632
343,-1.0663707,-1.4034065,-1.291413,-0.91059697,-1.0287789,1.122177,-1.2788569,-0.7102835,-0.7585179,-1.4744941
344,-0.16075885,-0.13625692,-0.5698244,-0.54867166,0.055740137,0.4691674,-0.541971,-0.8874339,-0.79080594,-0.22373603
345,-1.3375105,-1.5564562,-1.8571081,-1.5983459,0.1751508,-2.1963184,-1.9204152,-1.8106381,-1.7356378,-1.7778468
346,-0.00731629,0.7039789,0.82311684,1.0596312,0.19326104,0.01299235,0.8267029,0.6359205,0.5315077,0.07774102
347,0.5196537,0.42160246,-0.41271225,-0.43171063,0.94831383,0.32334462,-0.40002093,1.3451371,-0.4174397,-1.0490615
348,0.24091727,0.4317915,-1.8732045,-0.62671256,-0.6329643,-0.32885182,-1.7101185,-0.5250044,1.935875,-1.2917985
349,0.08746431,0.021764742,1.2917429,0.41799405,-1.2942907,0.8279635,1.1502433,1.2120616,0.30489913,1.2805529
350,0.04047858,0.55150205,-0.061459895,-0.3630475,-1.6629494,-0.5749862,-0.10796379,0.6295871,1.1300554,-1.3378147
351,0.3195358,0.51556784,0.9956467,0.6815398,0.4335154,0.6073818,0.86448413,-0.42240137,0.6131708,0.9356275
352,0.526519,0.8984578,0.042775456,0.8868964,0.62623507,1.2896359,0.1528976,0.45760322,-0.26798075,1.6201608
353,-0.1588985,1.1758859,1.2176378,1.325324,1.1341864,-0.21849185,1.1985897,1.4139975,0.1262301,-0.95398825
354,0.89443856,-0.6407809,0.5574507,-0.19566292,-0.6150363,0.97311026,0.5606384,0.8934986,-0.7209331,1.1411384
355,0.8280901,0.26295304,-1.996328,0.4890705,-1.5601596,0.68693167,-1.9493632,-0.35196015,1.7401657,0.6140424
356,0.30294797,0.44713107,0.57060885,0.82876605,-0.5473508,0.39663687,0.5910042,0.45188656,0.5977165,-0.23432039
357,-0.07006403,-0.23801512,0.47450575,-0.988298,0.99944115,-0.28563032,0.5279713,-0.082096465,-0.082681514,-0.032147594
358,0.63895935,0.24370325,0.004301553,0.21392761,1.0558168,-0.1530725,0.009313193,-0.34221748,-0.20852278,-0.31754357
359,1.0207018,1.4398661,0.50824237,1.7018437,1.267345,1.0443963,0.53827906,0.9222915,0.35400766,1.458557
360,0.792205,0.42188978,0.75029504,0.42893025,-0.20163037,0.54484856,0.7623171,1.0901374,-0.42457652,1.3409554
361,-0.98273325,-1.508318,0.4876661,-1.1524178,-0.5396079,-0.7490503,0.61554235,-0.17584865,-0.92820054,0.40485415
362,1.2275288,0.025712354,0.7000423,0.9768828,-0.42677128,0.9438502,0.5411978,0.044301458,-0.123500966,-0.9594326
363,-0.7722326,1.5409881,1.4046547,-0.24072927,-0.14036173,0.8170144,1.3389207,0.55097467,0.78261113,0.019239688
364,1.3655567,1.056743,0.14798136,1.2532036,-0.15009049,0.85076183,0.157714,0.16258362,1.3922536,1.2723937
365,-0.407906,-0.246284,-0.17316557,-1.0889711,-0.66088,-0.6949542,-0.07164558,-0.64246756,-0.22352336,-0.14810686
366,-0.8834559,-1.51244,-1.3000891,-0.69697434,-0.3150138,0.0028866022,-1.1531285,-1.5227087,-0.57740206,-0.99308044
367,0.9392818,0.5992769,0.1404477,0.91259706,-0.58179766,1.2558193,-0.03140987,0.23839636,1.9051363,0.24033873
368,0.34562892,1.0954039,0.645219,1.0840476,0.01234712,1.5600108,0.62581503,1.3532443,1.8668119,1.4304262
369,-0.08386171,-1.6918334,-0.26612416,-0.41086093,0.43482235,-0.8818563,-0.20489022,-0.22007187,-0.39934716,0.14535509
370,-2.035563,-1.2151535,0.12676033,-1.0118219,-0.05039386,-1.544249,0.351342,-0.36953586,-0.7403103,-0.76218385
371,-1.1089593,-1.2437912,0.6190509,-0.5695732,0.72662294,-0.66948324,0.61665136,-1.2279127,-0.7059143,-0.6433559
372,1.2160169,0.16326761,-1.0973375,1.5112536,-0.11566171,0.77019894,-1.0790534,-0.002212366,1.2126555,1.5067028
373,0.12845019,0.026023833,0.8908614,0.54518676,-0.3583409,0.910773,0.804005,0.29845613,0.13742444,1.900023
374,-0.6219731,-1.2699485,-0.77577573,-1.7261226,-0.6330275,-1.3984843,-0.7421224,-1.5753429,-1.1207935,-1.6331962
375,1.8814955,0.7317533,0.9243634,0.86322176,-0.5993768,-0.16624711,0.82719606,1.0185374,-0.9395881,0.99050766
376,-0.2853864,-0.14346588,-0.1607107,-0.4516696,-0.7816853,-0.2435322,-0.13215238,-0.5103786,-0.40544072,-0.42245576
377,0.5568458,-0.0029268784,-0.27081457,0.43284523,-0.5269889,1.1880513,-0.14228886,-0.508855,1.3310097,-1.211655
378,-0.0056938366,0.81819737,-1.0975678,1.806907,-0.78337026,0.50279313,-1.0243272,-0.262076,1.8991437,-1.0024539
379,-1.7881337,-1.9227047,-2.0800753,-1.9432365,-0.19808592,-1.531499,-1.9668629,-1.8985506,-1.4920405,-1.4948726
380,-0.9870045,-0.9152491,-1.3534747,-1.2777205,-0.8924871,-0.8119264,-1.2491782,-1.002742,-1.123856,-0.49448833
381,-0.02952822,-0.59491754,-0.985192,-0.52763265,-0.88222706,-0.0022417442,-0.98211914,-0.8989957,-1.6277105,0.09076744
382,1.5804578,0.9623467,0.946401,0.74562347,-1.6429648,0.39700544,0.9032239,0.4405722,0.012591603,2.1027477
383,0.97109,0.95189726,0.25509647,-0.43187317,2.0511858,1.0491997,0.27462053,0.5875013,0.70992494,-1.2129669
384,0.4639508,1.096751,1.2026769,0.779394,-0.3256013,0.9117418,1.1931629,1.5774232,1.1703954,0.9571311
385,1.1016183,0.70219654,-1.2567377,1.1565908,-0.5566354,0.81334215,-1.2760566,0.6011972,0.6376094,-0.730663
386,-0.16332582,-0.84647894,0.19239725,-0.13425556,-0.5675618,-0.66516125,0.21224141,-0.6252697,0.757316,0.33370185
387,-0.15940833,0.019795181,1.2702521,-0.12774846,1.6870793,-0.28947845,1.2153479,0.41761252,-0.29109505,-0.3167579
388,-0.5465191,-0.803369,-0.7668243,-1.0534421,-0.19359209,0.36559957,-0.93733805,-0.5408829,-0.17321895,-0.99352574
389,1.3785875,1.4867314,0.94865865,0.73653597,-0.40896988,0.85770386,0.7953257,1.5436527,0.9800213,-1.4528271
390,1.3406223,1.0279915,0.31253517,-0.37970495,-0.9595469,2.0330322,0.40911016,1.2304913,1.4689051,-0.43003815
391,1.8398732,0.38957357,0.72923625,1.1915218,-0.78387237,1.2133102,0.78282315,0.8341255,0.5843626,1.508966
392,0.5195771,0.48890287,-0.07722283,0.89338726,-0.4848318,0.9657349,-0.0754276,0.86179847,0.7561844,-1.4793378
393,-1.7321591,-1.1391127,0.42353424,-0.9837782,-0.9660698,-0.07437071,0.49174988,-1.1224202,-0.6474687,0.14431073
394,0.51276493,1.1659564,0.902216,0.4106987,-0.67222124,1.8882201,0.98041177,0.8253631,1.0673411,0.43250495
395,-0.37074968,-0.6392239,-0.045017373,-0.5265764,-0.5366934,0.07682316,-0.048592176,-0.66227734,0.2631622,0.19855708
396,-1.1796663,-0.8342249,-1.3561891,-1.0830841,-1.1337293,-1.4972837,-1.4280773,-0.98596245,-1.4121463,-1.1466601
397,-0.12580797,-0.19385846,-2.9444282,-0.90069914,-0.29627556,-1.1028639,-2.8452766,-1.6581645,-0.17861496,-1.0059317
398,-1.2131734,-0.6902792,-0.46342847,-0.830836,0.17853497,-0.3998826,-0.5099401,-0.5895707,-0.39921257,-1.9968907
399,-2.1199775,-1.6386303,-1.9923538,-1.4799392,-0.07201576,-1.8117714,-1.9621341,-1.4529767,-0.8140586,-0.16118988
400,-0.869247,-1.7247952,0.6075351,-0.310437,1.856058,-1.2214533,0.6523482,-0.1095623,-2.2704198,0.21244507
401,0.5747215,1.5259961,1.0138096,0.7228301,1.212316,-0.102425955,1.018876,2.063735,0.04646405,0.31336385
402,1.9794235,1.3688912,0.65395206,1.4627372,1.2266489,1.7067211,0.63181955,0.9154915,0.91205204,2.176415
403,0.4396167,0.5052483,0.71249443,0.15790857,-0.36042076,-0.55602986,0.7388383,0.95541936,-0.34731543,0.18322939
404,-0.049182877,0.7655959,0.60051763,0.75518936,-1.491141,0.25734136,0.62802947,0.046858955,-0.49839813,-1.0500417
405,-0.17032975,0.03253045,0.17060454,0.9374701,-1.1125491,0.21117842,0.09668079,0.0422603,0.19373941,-1.1287993
406,0.9290277,-0.22046125,-0.103691064,0.83564,-0.60715485,-0.115866855,0.032612097,-0.344854,0.14606263,-1.4391878
407,0.035548702,-0.77153206,0.7246165,-0.44500792,-0.87637067,-0.8376465,0.7014716,1.4353971,-0.20372011,0.6668952
408,0.31592408,0.59170103,-1.1667444,-0.24808466,-0.6047601,0.7146296,-1.128149,-0.44539315,0.3188209,-0.5712578
409,0.30178967,-0.31048462,0.098361544,0.10586406,-0.06962977,-0.18751758,-0.11705943,-0.2780461,0.0758916,0.8308152
410,-1.6213483,-0.6834488,-0.44277272,-0.56940913,-0.6655813,-1.2018191,-0.49570653,-1.1406457,-0.8053246,-0.14461441
411,2.1283484,1.2394643,0.97498435,1.5398166,-0.9216376,0.50126654,0.81526846,0.743717,1.0552028,0.24386318
412,-1.4616033,-1.1694788,-0.6947036,-1.4685354,-0.32313856,-0.52976245,-0.7951991,-1.1801398,-1.6401454,-1.5064976
413,-0.34219855,-0.64771986,0.781354,0.26357564,-0.03306229,-0.74714416,0.7541116,-1.1948482,-0.08197108,0.58657557
414,2.0982103,2.0081937,1.450116,1.956926,1.0807259,1.1436365,1.5170623,0.9448163,1.5946299,0.5350304
415,-0.68065745,-1.2055695,0.287082,-0.51470995,1.3223633,-1.0722363,0.33604762,-0.9022599,-0.68909013,0.49559572
416,0.9741275,0.5456549,-0.20697828,-0.331096,1.7719337,0.6367937,-0.0974798,0.3981351,0.0566715,-0.6989732
417,0.6065624,0.5621986,-0.11143007,0.116736814,-0.5270194,0.3114828,-0.15385792,0.08811434,0.26598343,1.3467952
418,0.19506402,0.19049785,0.14246462,0.3695049,-0.70016867,-0.2932492,-0.0053007104,1.2514731,0.23606297,-0.52154285
419,1.893393,1.0592973,1.0810794,-0.12549093,1.5257602,-0.15960021,1.2232803,0.97075874,-0.6393439,0.08013264
420,-1.1962194,-1.1046894,-1.4597279,-0.8824215,0.20103805,-1.0384874,-1.2970012,-0.8155297,-0.045860637,-0.10117238
421,-0.9077755,-1.1360762,0.0023140288,-0.62509966,1.4092807,0.26677364,0.026040351,-0.17032473,-0.850673,0.501647
422,-0.53418964,0.10232617,1.2956897,0.1851645,1.0146999,-0.03137253,1.3319792,1.6969157,-1.4843649,1.7413901
423,-0.2752642,0.24170825,-0.10828666,0.40057266,-1.0515077,-1.0771978,0.04697205,0.12731135,-0.2079495,1.6228046
424,0.06322365,-0.4805589,0.010347334,0.06952824,-0.09484877,-0.08503622,0.0620016,-0.8279024,-0.37314957,-0.43417713
425,0.5820711,1.6145704,1.398589,0.23428814,0.84445465,0.41408795,1.4808232,0.76790625,0.9617692,1.1931072
426,-0.06630095,0.53812706,0.74850875,0.3453615,-0.8547108,0.25072497,0.48705754,-0.3354011,-0.7691674,-1.6772829
427,0.93324494,-0.5965191,-1.6579605,0.32957873,-0.3817207,0.43469408,-1.7835696,-0.7584961,2.1353648,-0.09986417
428,0.6088358,0.33795163,-2.258597,-0.5810742,-0.5779489,-0.0872651,-2.1520188,-0.67687213,1.7152549,-1.3799229
429,1.1060612,0.87648255,1.3763564,1.145181,0.8620094,0.6449318,1.3943706,1.3189129,1.5436387,2.7048368
430,-1.1316096,-1.0178474,-0.32228985,-0.8311782,-0.062463444,-0.15907599,-0.26410896,-1.1876498,-0.779102,-0.57075274
431,-0.07733784,-0.20232287,0.8908613,0.1443507,1.2790425,0.69799143,0.8765399,-0.0237175,-0.7667741,-0.27181825
432,0.9450906,0.60951525,0.007424896,1.191765,0.0842257,0.00012298448,0.14551891,0.1108709,0.8021074,0.70429766
433,-0.8596136,-0.5205814,-0.1942225,0.2383662,0.07435398,0.023823338,-0.21170717,-0.45586354,-1.1289787,0.48478356
434,-0.1893255,0.5936863,0.9723601,-0.6200713,1.106686,0.81486684,0.82493556,-0.027719278,-1.5574151,0.31701097
435,1.064101,1.6080853,0.024765952,0.9776355,0.058555324,0.37371352,0.16735026,0.8611991,1.1847414,-0.9852478
436,-0.9688233,-0.9033644,0.3355632,-0.7382581,0.056741465,0.10622697,0.34734005,0.15667437,-0.42133072,-0.56672806
437,-1.2300844,-0.88327456,-1.7726156,-1.7387803,-1.1469359,-0.7509986,-1.6331087,-2.6475577,-1.296911,-0.49736577
438,-0.13008954,-0.6531264,-1.1081934,-0.43203518,-0.44685358,-0.09574958,-0.9214888,-0.73588675,0.011239649,0.08871798
439,0.022107834,-0.14661434,0.03047484,0.015366494,-0.92844224,-0.6117961,-0.0098369075,-0.69566697,0.26380384,-0.52473176
440,-1.6362568,-1.2699476,-2.0517626,-1.4387306,-0.25186813,-1.0499942,-2.0013213,-1.6646304,-0.5223633,-1.8889605
441,1.3415499,2.3369853,1.2902173,1.1528703,1.7599703,0.5453494,1.1665161,1.512997,0.27450934,1.02168
442,0.37682527,0.78775054,0.8820134,0.8769799,-0.41063154,0.73781586,0.8683451,1.0381107,0.43278223,1.7637906
443,-0.04251358,-0.6750497,-0.12609413,0.0071111876,1.3051642,0.24856049,-0.027454028,0.5072266,0.066247694,-0.5218948
444,0.43397856,1.8526298,1.2440007,0.27612042,-0.2287066,-0.51695675,1.1699836,-0.057235226,-0.14113659,-1.9348968
445,0.502833,0.099029675,0.7085492,-0.06388009,0.07337652,-0.8169103,0.63997245,0.5061347,-1.2171481,0.7338042
446,0.8753124,-0.33827084,1.5654018,-1.231593,0.9669789,0.7082826,1.7244117,0.78657013,0.21811496,0.09024147
447,1.0561136,0.25463304,0.7287125,1.3022099,1.7149252,-0.50929564,0.6192562,1.5848362,0.18440057,0.91078436
448,0.76687247,0.2623345,0.9735976,0.96537995,-0.21353783,-0.7648945,0.92332417,1.6270257,-0.17733082,1.0036756
449,0.08809754,0.87406707,0.019655837,0.8091446,-1.0707976,-0.05358365,0.0774091,1.2521696,-0.2528577,1.3919994
450,-1.3627479,-1.1928487,-0.2938632,-1.6436396,-0.504669,-0.92280143,-0.29450634,-0.98648244,-0.96318686,-0.8464038
451,0.42326245,0.6762844,-1.9472061,-0.16364658,-0.7907667,0.04422717,-1.9663856,-0.39261842,-0.59859246,-0.71025395
452,1.4779297,1.3922098,1.0842868,1.0954971,-1.6668389,1.155431,1.0464922,1.1094185,1.0335318,1.0133467
453,1.3772033,0.18071441,0.2559165,0.5074428,1.3360177,1.9221674,0.076711215,1.2957294,0.15384738,-0.25626436
454,-2.0313685,-1.0907093,-1.1723597,-1.9775655,-0.14891487,-1.7721246,-1.232671,-1.6783209,-0.8301833,-1.6239985
455,1.7575407,1.2769923,1.4107673,0.7244555,-0.61318475,0.061215844,1.501632,0.39805484,0.6283719,1.7840306
456,-0.23627646,-0.07424235,0.17896327,-0.035443734,1.5639553,-0.4026726,0.19444172,-0.83477134,-1.0709753,0.57298505
457,-0.38242438,0.36562768,0.7853785,-0.092592075,0.50699055,0.271009,0.71426386,0.8217426,-0.0028951953,0.4584089
458,-0.5401832,0.16187784,-0.07286786,0.4024019,-0.19655919,-0.2504959,-0.10354442,0.16487604,1.0513452,0.0084035825
459,-0.30272034,0.48382348,0.7986624,0.118864685,1.4571759,0.18934411,0.76677185,0.2712174,0.08260976,1.455081
460,0.9886603,0.27978045,0.8563369,0.45827428,-1.2272513,0.25119764,0.89584726,0.6468175,0.62284154,1.4094336
461,-1.1801691,-0.6351295,-1.6416682,0.20290732,0.2853965,-0.67072505,-1.5791473,-0.37698877,0.29130587,-0.84495986
462,-1.2892694,-1.8170623,-0.020369375,-0.72407734,0.64536035,-0.99020004,0.052852124,-0.016779615,-0.18077098,0.58684814
463,0.32426813,-0.55781215,-1.011272,-0.85745716,-0.37647673,-0.47803742,-0.889321,-0.9861517,-0.67510414,-2.168576
464,0.85900396,0.87714297,0.39019668,0.51711726,-0.14912446,-0.35802978,0.42420003,1.1247791,0.47288465,1.3584704
465,0.64599746,0.6219237,0.6399852,0.54913086,1.7607573,0.015265247,0.6335728,1.2769926,0.25621495,1.3146378
466,0.1170953,-0.58597636,1.0538713,-0.09828464,-0.6603984,0.03688622,1.0311413,1.6272717,-0.08645114,-0.3387804
467,-1.6804341,-1.5863093,-0.9844703,-1.0692832,-0.65475094,-1.2174766,-0.9314181,-1.0905441,-2.0034456,-0.23625413
468,0.287225,0.24670601,-0.6722675,1.036263,0.14520665,0.2663615,-0.6263502,-0.2572468,0.10182611,-0.94257927
469,-0.88529295,-0.91510177,-2.0469613,-0.32191938,-1.3004482,-0.32153225,-1.9121978,-0.9293743,-0.30145514,-2.0783796
470,0.8699096,0.5883689,-0.20386122,0.22245471,-1.079359,-0.526116,-0.31483248,-0.20152716,0.49042636,-0.15233323
471,0.9430081,0.6095752,0.41137132,0.8212177,-0.76619637,-0.31190684,0.47227895,-0.21861087,0.039288953,1.5956906
472,0.3972581,0.39728066,-1.9064101,0.6688845,-0.20097096,-0.51187307,-1.9141896,-1.1305048,-0.36706913,-0.9727911
473,0.09737129,0.07888751,0.9854812,-0.013209856,-0.44105932,-0.89441454,1.0076542,0.6038484,-0.7150306,-0.7945616
474,-0.6956199,0.39764047,0.0823892,0.18365586,-1.6500793,0.7218332,0.13138016,-0.68818223,-0.7286537,-0.9746754
475,-0.9399166,0.029750092,-2.1460478,-1.0288317,-0.39986596,-1.1004361,-2.0681064,-1.5887952,1.0371549,-1.2228454
476,-1.2966448,-1.0186933,0.48545283,-1.5607044,0.3920655,-0.39037836,0.47464564,-1.5182852,-0.88328,-0.7321166
477,0.42595604,-0.6442937,0.22301564,0.037865236,-0.6693466,-0.7105007,0.30327126,0.13121417,0.43283182,1.5540358
478,-1.6191256,0.00094725017,-0.45790574,-0.6001068,-1.5445457,0.21524787,-0.42814204,-0.6483416,0.11238152,-1.3780631
479,-1.309576,-1.8239127,-1.4486117,-2.019944,-0.79932606,-1.4088025,-1.4263875,-2.286941,-1.1661159,-0.057242513
480,0.7907458,1.0832387,1.1475028,0.8662094,1.4671123,1.3933493,1.2267118,0.9171398,0.84315217,0.7570849
481,-1.0917462,-1.3884765,0.6671334,-0.30638614,1.6865559,-2.1378345,0.63118786,0.575635,-1.1831881,0.0781214
482,0.95808345,1.0589832,0.36807376,-0.0495108,-0.7171673,0.6937564,0.30669287,0.19757348,2.1803272,-0.032309327
483,0.8534094,0.07991665,0.5457982,0.59523374,-1.0813864,0.46248776,0.59739625,1.0442476,-0.18563181,-0.025668902
484,-0.53965455,-0.73126686,-1.2048336,-1.1085793,-0.73574644,-0.4000706,-1.19493,-0.47874326,-0.93360096,-1.6160834
485,1.0549307,1.5270547,1.2789216,1.4395686,-1.2497561,1.376863,1.113795,0.48050904,0.8616578,0.79298127
486,0.29513374,0.015391903,0.5722586,-0.29085597,-0.7588215,0.598043,0.7029012,1.3038949,0.07067316,-0.13873814
487,-1.0078796,-1.4229469,-0.88240105,-1.3026791,0.17513739,-0.9142833,-0.829837,-1.8003132,-1.396273,-1.2684038
488,-0.9399113,-1.0203612,-0.35066646,-0.21195686,-0.80122375,0.3236026,-0.3779975,-0.52622896,-1.0829375,-1.4225291
489,0.25069708,-0.2736646,0.0009350306,0.89605725,1.5833285,0.5065369,0.042852733,-1.2571892,0.31654438,-0.14094701
490,1.5337458,0.9571965,0.120096065,1.1008059,-1.5959681,0.43218648,0.19250302,0.930412,0.25040802,1.4282554
491,0.08364527,-0.01700938,0.11336339,-0.697694,1.6631857,0.5752537,0.11364705,-0.59993106,-0.11364125,0.6707004
492,0.16522753,-0.62324643,0.8225533,-0.4887461,-1.2936429,-1.0067488,0.8844215,0.40961048,0.06636932,-0.30192477
493,0.87062335,0.30328286,-0.40525553,0.48190555,-0.450333,1.1659079,-0.3745361,0.18484508,0.57904494,0.36960098
494,0.21000701,-0.5070207,0.63453895,-1.1311398,1.6139513,0.008411707,0.5889929,0.2819712,-0.6561099,1.2663565
495,0.17796868,-0.8788597,1.144157,-0.24154975,2.183534,-0.70628166,1.108831,-0.39232135,-1.4354789,-0.5107637
496,-2.2102728,-1.2203982,-1.0682334,-2.155051,-0.6276417,-2.2624567,-1.0585403,-1.765848,-0.9448483,-1.3176337
497,1.9903464,2.149697,0.38355318,1.2553276,1.8091334,0.71518093,0.31515253,0.99735177,0.3950893,0.3837371
498,-0.16362302,0.75632256,1.5102873,-1.2328285,0.6943486,0.26896998,1.8542036,0.4384651,0.50595355,1.2335142
499,-1.0249156,-1.8519136,-2.023359,-1.6555907,0.0022939323,-1.7758824,-1.9595978,-1.8142743,-2.0524552,-0.2444387
